[gd_scene load_steps=8 format=2]

[ext_resource path="res://MAIN/car.tscn" type="PackedScene" id=1]
[ext_resource path="res://ASSETS/maps/Test Map/scene.tscn" type="PackedScene" id=2]
[ext_resource path="res://ASSETS/tachometre/tacho.tscn" type="PackedScene" id=3]
[ext_resource path="res://ASSETS/cam.gd" type="Script" id=4]
[ext_resource path="res://ASSETS/visual gravity system/vgs.tscn" type="PackedScene" id=5]
[ext_resource path="res://ASSETS/sw.png" type="Texture" id=10]
[ext_resource path="res://ASSETS/sw_desired.png" type="Texture" id=11]

[node name="Spatial" type="Spatial"]

[node name="Control" parent="." instance=ExtResource( 5 )]
anchor_top = 0.5
anchor_right = 0.0
anchor_bottom = 0.5
margin_left = 19.0
margin_top = -73.0
margin_right = 147.0
margin_bottom = 55.0

[node name="tacho" parent="." instance=ExtResource( 3 )]
anchor_left = 1.0
anchor_top = 1.0
anchor_right = 1.0
anchor_bottom = 1.0
margin_left = -261.0
margin_top = -216.0
margin_right = -5.0
margin_bottom = 39.9996
car = NodePath("../car")
monitoring = NodePath("../car")

[node name="DirectionalLight" type="DirectionalLight" parent="."]
transform = Transform( 0.848991, -0.228715, 0.476344, 0, 0.901471, 0.432839, -0.528407, -0.367477, 0.765341, 1.51981, 2.6041, 2.82821 )

[node name="cam" type="Position3D" parent="."]
transform = Transform( -0.0200186, 0.00178223, 0.999798, 0, 0.999998, -0.00178259, -0.9998, -3.56849e-05, -0.0200186, 4.34901, 1.04656, 0.129893 )
script = ExtResource( 4 )
car = NodePath("../car")
enabled = true

[node name="duck" type="Position3D" parent="cam"]

[node name="Camera" type="Camera" parent="cam/duck"]
transform = Transform( 1, 3.37604e-09, -4.09782e-08, 0, 0.996195, 0.0871557, 0, -0.0871557, 0.996195, 0, 1.6, 0 )
current = true
far = 10000.0

[node name="car" parent="." instance=ExtResource( 1 )]

[node name="sw" type="TextureRect" parent="."]
anchor_left = 0.5
anchor_top = 1.0
anchor_right = 0.5
anchor_bottom = 1.0
margin_left = -64.0
margin_top = -162.0
margin_right = 64.0
margin_bottom = -34.0
rect_pivot_offset = Vector2( 64, 64 )
texture = ExtResource( 10 )
expand = true

[node name="sw_desired" type="TextureRect" parent="."]
anchor_left = 0.5
anchor_top = 1.0
anchor_right = 0.5
anchor_bottom = 1.0
margin_left = -64.0
margin_top = -162.0
margin_right = 64.0
margin_bottom = -34.0
rect_pivot_offset = Vector2( 64, 64 )
texture = ExtResource( 11 )
expand = true

[node name="Camera2" type="Camera" parent="."]
transform = Transform( -0.955023, 0.193565, -0.224643, 0, 0.757565, 0.65276, 0.296533, 0.6234, -0.723492, -0.604859, 4.46424, -3.95412 )
far = 10000.0

[node name="Scene" parent="." instance=ExtResource( 2 )]
